32
3.1250000000000e-02	1.0193321344548e+00	-5.3394185739248e-03	-3.3966873022972e-01	-4.2474891062647e-02	-2.5442073401577e-01	7.1127031172226e-02
3.1250000000000e-02	1.5586852721264e-02	1.0065399402840e-01	-2.3929839461604e-01	2.5940643577063e-01	-3.7651078962263e-01	-9.6536037344236e-02
3.1250000000000e-02	3.7895121728266e-02	-4.8575432532833e-01	2.3053786031609e-02	4.5653229924293e-01	-6.5969801004306e-01	2.8476742198556e-01
3.1250000000000e-02	2.9310501796301e-01	6.5787869823314e-01	-1.0353362309361e+00	8.2975661244174e-02	1.5515422745775e-01	1.9282298446023e-01
3.1250000000000e-02	-7.7990107245206e-01	9.2846033173338e-01	6.9029185879893e-01	8.1392090608089e-02	3.6964968817255e-01	4.0272670063242e-01
3.1250000000000e-02	-3.4506855335517e-01	4.6791765775981e-01	2.8206388925009e-01	-9.2002957088825e-02	-2.8946535147248e-01	7.0010097159144e-02
3.1250000000000e-02	-8.4461817274472e-01	1.0546169019413e+00	-4.9535278788559e-01	-3.5015453795173e-02	-2.0957540324098e-01	-7.7833221089488e-01
3.1250000000000e-02	3.3118645402342e-01	-3.7716711602047e-02	-6.3275245101992e-01	8.6561498097395e-02	1.4747001506405e-01	4.2423498614660e-01
3.1250000000000e-02	1.0481454504899e+00	-3.6952672250861e+00	2.4103902265276e+00	-1.4207107878295e-01	-4.7911490771050e-02	-1.2685651943084e-01
3.1250000000000e-02	-6.3799543299537e-01	3.2204951683323e-01	-1.8543609355972e-01	-2.2214786057121e-01	-1.6878282305002e-02	-6.2971439888781e-01
3.1250000000000e-02	-2.1746688618301e-01	-1.0040869893980e-01	-2.0498027751338e-01	-4.0179871906458e-01	-1.0744965092816e-01	-3.7429418679201e-01
3.1250000000000e-02	-1.0033673138112e+00	9.7375257552542e-01	1.1011684152575e+00	1.8684379197750e-01	2.5144554991856e-01	-1.5597164380217e-01
3.1250000000000e-02	-3.4646130936220e-02	1.8317736622113e-01	-2.8671181822613e-01	-1.2244381600797e+00	4.3868634429279e-01	1.8536188934178e-01
3.1250000000000e-02	9.7421215318393e-02	1.5040558125662e-01	-8.0370162154821e-01	1.9863174348965e-01	1.9034514928435e-01	1.7304211244879e-01
3.1250000000000e-02	-1.5740442383504e-01	1.6112988919886e-01	1.1878545644416e+00	-6.3507322481604e-01	7.4209271850360e-02	-3.5329126304778e-02
3.1250000000000e-02	-1.3051874512475e-01	3.6675560807019e-03	5.8771309706027e-02	-1.7158909058158e-01	3.4599080278989e-01	-1.1885055281419e-01
3.1250000000000e-02	-8.6174475612446e-02	-2.8294830882362e-01	-1.2916896869476e-01	4.0667345818957e-01	3.3917762105259e-01	-1.4624167029294e-01
3.1250000000000e-02	-3.6665554638097e-01	-9.7439770097097e-01	-1.4189002897211e+00	8.6924715232965e-03	-7.5864585873818e-02	6.1318252929249e-02
3.1250000000000e-02	4.4772246481733e-01	1.9179428898478e-01	1.0152770989122e-01	-5.1460630693968e-02	-4.0697097575761e-01	-5.6630306883018e-02
3.1250000000000e-02	2.5866334564677e-02	6.0966764616319e-02	-1.9111144796570e-01	-3.7025301100313e-01	-1.4181039836141e-01	5.3975852997827e-01
3.1250000000000e-02	-1.8400408343425e-01	2.6530716422195e-01	-6.3825394503777e-01	3.2488382480269e-01	-2.9672647316325e-02	2.6313773255350e-01
3.1250000000000e-02	1.0718153530903e+00	-5.4619761917339e-01	-3.1515147124518e-01	5.7188250094177e-02	-4.8024975297222e-01	-4.7179810374644e-01
3.1250000000000e-02	-7.7290980066162e-01	1.2802035902193e+00	3.4972580805260e-01	2.7525080317259e-01	5.8949494321122e-02	9.7753221908539e-02
3.1250000000000e-02	-2.9257565672851e-01	2.5301614861038e-01	-3.1957383850565e-01	4.3021400372247e-01	-4.6149078206089e-02	4.0289317776740e-01
3.1250000000000e-02	1.3887841831796e+00	1.1617428698191e+00	-1.6863211860213e-01	5.9608240092963e-02	5.7268382142957e-01	4.4201531580945e-02
3.1250000000000e-02	5.6879141315839e-02	-9.0211834360747e-02	-6.1273730256208e-01	-2.9656519660288e-01	1.2553121035694e-01	4.5089195429902e-01
3.1250000000000e-02	-4.9367619409637e-01	1.3993642563126e-01	-1.5331922063481e-02	4.1309595647638e-01	1.7855834694921e-01	-4.9402580332925e-01
3.1250000000000e-02	-3.5098711304155e-02	1.9752575363134e-01	4.2295587358334e-01	2.1750066939987e-01	-2.0415945247573e-02	6.3859168657476e-01
3.1250000000000e-02	3.9913911330744e-01	-1.9225643687375e+00	2.3903022924708e+00	-1.5079204938251e-01	-1.7669393683176e-02	-3.4449506730676e-01
3.1250000000000e-02	3.8266764227955e-01	-2.6942491726006e-01	3.3246849645953e-01	-1.9645571070288e-01	-5.6208079135022e-01	-7.6937398187787e-01
3.1250000000000e-02	1.4277223823091e-01	-4.0720330198373e-02	-6.2805911727486e-01	3.5320220420030e-01	3.6121989647896e-01	5.5876861981181e-01
3.1250000000000e-02	-3.7623751782886e-01	-1.0325161549155e-01	-6.9041540326325e-01	1.3348463212338e-01	1.3372184174887e-01	-2.6295832104307e-01
