32
-4.9340336272586521e-01	-5.1510097145377090e-02	4.8987076775237642e-02	-1.0771025703392290e+00	-1.0549898131220570e-01	1.3101555247426178e-01	-9.8624472085481932e-02	
-8.5968129443019126e-01	-3.4289522385532178e-01	3.2485470481094991e-01	-2.0733372342756207e+00	-1.8476485344230074e+01	1.5452878133965267e+00	1.8909453789501399e+01	
-1.8803826893085651e-01	1.0468495738339985e+00	-4.2133309990612378e-01	-1.3753706448748275e+00	1.6121417844496804e+00	-2.0220378188456722e+00	1.6881571474094867e+00	
-1.9314534951936160e-01	-3.8496667269305757e-01	4.0992130614199523e-01	-1.0709707450495005e+00	-5.8317399607962277e-02	-2.5794802329315750e-02	-5.1789705317170254e-02	
1.2597173192212671e-01	-1.2475288960118937e-01	-1.8639369432628619e-01	-1.0127914704623753e+00	-3.2095394759730961e-01	1.1404443421277581e-02	3.1032059555624480e-01	
2.4298695160843020e-01	-5.2044710659246129e-01	-4.9995759900646519e-01	-1.3362084142857718e+00	5.0417517547584323e-01	3.0130003370100189e-01	-4.8080710314173702e-01	
2.3702852343644054e-01	-3.0202930062417760e-01	1.5215326858850661e-01	-9.7522695627154021e-01	4.0726813358123962e-02	3.6255144431415587e-02	7.9099790000691367e-02	
-1.5784344467083922e+00	2.2438299900518235e-01	4.8645631993922578e-01	-1.5500934643920046e+00	-6.6665524081651784e-01	4.7585083927103294e-01	1.2016255658561500e-01	
-1.1978361859102726e-02	4.0826630329507972e-02	-2.1891065476109160e-02	-5.2381802528116272e-01	8.9418793704145090e-04	1.6475276968141957e-03	-1.4560430088369973e-03	
1.0028861541893110e+00	-4.4973100363788221e-01	1.1840531150296026e-01	-1.3992340480950871e+00	6.0543726560827393e-01	6.4856603015323222e-01	5.3581849037308193e-01	
1.0455894596598330e+00	7.8745310953062952e-01	1.0892764513095399e-01	-1.7896186583612412e+00	1.3731296208577968e+00	2.7330950163813141e+00	8.3775413305128055e-01	
2.0064432618747849e-01	-1.1447970589578391e-01	-3.0694695360390656e-01	-8.7004741908000682e-01	1.9118437131642949e-01	-7.0568389774456092e-02	-2.3744814292109398e-01	
2.2155243876279920e-01	-1.8390485830583896e+00	7.3963459483994565e-01	-1.9649783190126584e+00	4.3423336953686054e+00	1.0537490580917860e+01	-1.4914737538162548e+01	
-2.2211208895488307e-01	-5.6916569544119122e-01	1.2790563536874080e+00	-1.5212010133786000e+00	-9.4133040740751406e-01	9.1356387504124270e-01	-6.1764102252704491e-02	
3.3842738427317140e-03	1.9483657238147201e-02	-3.7661925701364002e-01	-9.4346714557981770e-01	1.7078271790415156e-01	5.4332510059977981e-02	-3.9070631577066119e-02	
2.0595889832452685e-01	1.6104611455781284e-01	-1.2231168409253683e+00	-1.7071324594118757e+00	9.9158044550028379e-01	4.4335052180057080e-02	-1.4698640940268566e+00	
5.7131851234636211e-02	1.2464703111653708e+00	-1.8119356899459882e-01	-1.6504682298614415e+00	-2.7900656302261235e+00	1.2410962995969184e+00	-1.7044687709569570e+00	
6.5230662320622565e-02	1.9172585791433802e-01	2.0165164037030156e-01	-8.3178856049549854e-01	-1.7216115590527943e-02	-2.3104109620397550e-02	-2.2045597714774379e-02	
-6.9056177211340630e-01	-2.8550921283585673e-01	-3.7029117290279262e-01	-1.3436943591479944e+00	-2.7495798220095125e-01	2.4591603183027391e-01	-2.1083474217749587e-01	
-1.0890767042421208e+00	9.1091702985057998e-01	-1.3954447167864368e+00	-2.0259382658568108e+00	1.1616664719963213e+01	-1.0539982385702784e+01	-6.0682510936959408e+00	
4.6987495996102580e-01	-7.2637782979462395e-01	8.6712413857569737e-01	-1.5688993706822492e+00	-3.2509860766934079e-01	-6.5819395373118827e-01	9.0563409896319047e-01	
-3.5135163475662212e-01	2.8977977491402601e-01	2.6377769103201040e-02	-9.8157232929383931e-01	1.1864448537418008e-01	-4.3020746054742341e-02	2.5795395410990357e-01	
1.2619409627861028e-01	-3.6478068689196536e-01	-1.0381600925435519e-02	-9.5741493665807575e-01	-1.2037132579814548e-01	6.6000761297513796e-02	1.5971123242483995e-01	
8.7222288666498937e-01	-7.9415142605692957e-01	2.6954587634168792e-01	-1.7089740136543785e+00	2.9966531139541566e+00	-2.7090050417933074e+00	2.2038467649504412e-01	
-1.8300294841149192e-01	-1.5117829764708690e-01	-7.5472327958619363e-03	-8.0077780597741466e-01	1.0128935251085135e-01	4.6094581385095132e-02	-8.8894144473064822e-04	
8.4724794512957557e-01	1.2611624860903310e+00	5.0525320927726103e-01	-1.7714643329327309e+00	-3.2094821859107712e+00	-3.0478870302171139e+00	3.7344369950357157e+00	
8.8365239887897107e-01	1.1256001278317235e-01	-5.5628093038488713e-01	-1.5342077603954882e+00	1.6082192375026088e+00	-1.4689702231464954e+00	-2.8741322779467832e-01	
-1.3594077553215006e-01	-1.4507589645437560e-01	-8.0981631585682867e-01	-1.3558265175769952e+00	-1.3525623608113702e-01	4.6064714673988000e-01	5.0630856092928966e-01	
-7.6931065179235755e-03	4.3679446207622985e-02	-6.1421099959014284e-02	-6.0627316937522380e-01	9.4558540711751936e-04	1.1780366679517961e-02	-6.8846926997166470e-03	
-4.3428528235195230e-01	3.4792225220397555e-01	-5.3163818925739004e-01	-1.2407574255335090e+00	-3.9058890398354690e-01	4.9348911693425429e-01	-1.0875166071827203e-01	
-9.3067898561836826e-01	3.0342243325545793e-02	7.1293646571953428e-01	-1.7901505490323417e+00	1.8384320679611887e+00	8.5133899545305269e-01	-3.5232843078353175e+00	
7.6182682427057880e-01	4.5149812927542898e-01	7.0898765731627822e-01	-1.4056004037212340e+00	-2.8095633201741882e-01	-2.4194321782704878e-01	1.0231888470955970e+00	
